image: turtle_map.png
resolution: 0.050000
origin: [-7.00, -6.500, 0.000000]
negate: 0
occupied_thresh: 0.65
free_thresh: 0.196

